2.268700
2.383100
2.249500
2.489200
2.129200
2.207900
2.367000
2.513500
2.139200
2.218400
2.234500
2.228100
2.192700
2.317300
2.301900
2.399600
2.233500
2.220300
2.359400
2.190000
2.299500
2.566600
2.287500
2.191300
2.251200
2.362800
2.292200
2.193000
2.210600
2.532000
2.237800
2.185700
2.328700
2.602300
2.184000
2.186300
2.223400
2.189000
2.197200
2.192800
2.246000
2.227900
2.187300
2.212200
2.333200
2.381100
2.198200
2.975400
3.281800
2.305900
2.221100
2.477900
2.262000
